18.09674859955256
16.21376525524919
16.29631689908675
16.409131768469084
16.507432686834186
16.589504345092315
16.658238302077372
16.71648060168348
16.76646251731428
16.80986308216568
16.847944738590865
16.88166705120323
16.911769770703287
16.9388315619733
16.96331143614096
16.985578235894028
17.005931887352
17.024618932740275
17.041844042653093
17.05777866407257
17.072567599860502
17.086334074403904
17.099183677207566
17.11120746476536
17.12248442386157
17.13308344449703
17.143064917407592
17.152482028014116
17.161381823847417
17.169806092891093
17.177792093903065
17.185373166813932
17.19257924574308
17.19943729242898
17.20597166424304
17.212204428111345
17.2181556294873
17.223843523768306
17.229284776194067
17.234494635168193
17.239487083073893
17.24427496795262
17.248870118849702
17.25328344715799
17.257525035934
17.261604218821432
17.265529649993884
17.269309366287796
17.272950842541356
17.276461040994764
17.279846455492848
17.283113151121977
17.286266799828397
17.289312712488876
17.292255867845704
17.295100938658223
17.297852315389267
17.30051412768131
17.30309026388097
17.30558438880174
17.307999959918057
17.310340242147806
17.312608321371354
17.31480711680517
17.316939392350317
17.319007767007946
17.321014724459143
17.32296262187366
17.324853698041636
17.326690080859994
17.328473794261367
17.330206764615188
17.33189082665576
17.33352772897242
17.335119139109842
17.336666648297186
17.338171775850014
17.339635973259842
17.34106062801024
17.342447067126347
17.34379656049218
17.345110323945693
17.346389522171602
17.34763527140677
17.348848641974698
17.350030660655754
17.351182312914844
17.352304544985085
17.353398265831125
17.354464348988117
17.355503634291942
17.356516929511432
17.35750501187736
17.358468629531668
17.35940850288727
17.360325325911944
17.36121976734301
17.362092471831055
17.362944061023025
17.36377513458683
17.36458627117618
17.365378029352478
17.36615094844625
17.36690554938655
17.367642335475978
17.36836179313373
17.36906439259502
17.3697505885816
17.370420820931276
17.37107551520366
17.37171508325096
17.372339923762606
17.37295042278522
17.37354695421379
17.374129880266082
17.374699551927
17.375256309378702
17.37580048240597
17.37633239078903
17.376852344671107
17.377360644915136
17.3778575834425
17.378343443556385
17.378818500252777
17.37928302051471
17.37973726359799
17.380181481300937
17.380615918224404
17.381040812020156
17.38145639363248
17.38186288752166
17.38226051188666
17.38264947887405
17.383029994781182
17.38340226024699
17.3837664704395
17.384122815235873
17.384471479388935
17.3848126426984
17.385146480164227
17.385473162140762
17.385792854482673
17.386105718686345
17.386411912026343
17.38671158768276
17.38700489487243
17.387291978961837
17.387572981593777
17.387848040789375
17.38811729106539
17.38838086353264
17.388638885998425
17.38889148306653
17.389138776226
17.38938088394539
17.389617921757267
17.389850002346048
17.390077235627036
17.390299728824665
17.390517586549503
17.390730910873124
17.390939801394534
17.391144355315756
17.39134466750155
17.39154083054708
17.391732934840114
17.39192106861973
17.392105318035995
17.39228576720446
17.39246249826428
17.392635591424504
17.39280512502408
17.392971175572857
17.393133817805445
17.393293124725417
17.39344916765122
17.393602016258026
17.393751738624406
17.3938984012682
17.39404206919022
17.394182805911626
17.39432067351199
17.394455732664117
17.394588042673174
17.3947176615073
17.39484464583182
17.39496905104317
17.395090931298807
17.395210339549227
17.395327327566356
17.3954419459734
17.39555424427155
17.39566427086967
17.39577207310778
17.395877697285716
17.39598118868643
17.39608259160072
17.396181949350844
17.396279304314515
17.3963746979464
17.396468170800997
17.396559762551437
17.396649512013067
17.39673745716302
17.39682363515797
17.39690808235508
17.39699083433067
17.397071925896718
17.397151391120428
17.39722926333903
17.397305575179136
17.39738035857225
17.397453644768667
17.39752546435656
17.39759584727365
17.397664822823064
17.397732419690477
17.397798665952376
17.397863589095373
17.39792721602608
17.39798957308541
17.398050686059204
17.39811058019536
17.39816928021004
17.398226810303612
17.398283194169803
17.398338455008222
17.398392615534274
17.398445697990773
17.398497724157785
17.39854871536215
17.398598692488143
17.39864767598756
17.398695685888335
17.398742741803986
17.39878886294279
17.398834068116415
17.398878375747692
17.398921803880736
17.398964370188132
17.399006091978997
17.3990469862053
17.399087069473598
17.399126358047308
17.399164867857927
17.399202614510283
17.399239613290323
17.39927587917057
17.399311426818798
17.399346270602408
17.399380424597126
17.399413902589867
17.399446718089013
17.399478884326165
17.399510414264387
17.399541320604605
17.399571615787657
17.399601312003693
17.39963042119509
17.39965895506228
17.399686925068224
17.39971434244452
17.399741218195107
17.399767563101946
17.39979338772839
17.39981870242625
17.399843517335654
17.399867842394997
17.399891687340865
17.399915061713465
17.399937974862105
17.399960435947218
17.3999824539445
17.40000403764945
17.400025195682765
17.40004593648784
17.40006626834311
17.4000861993574
17.400105737479716
17.400124890497153
17.400143666042403
17.40016207159412
17.40018011448275
17.400197801890638
17.400215140857068
17.400232138280163
17.400248800921318
17.400265135404485
17.400281148223634
17.400296845742027
17.400312234195884
17.400327319697723
17.40034210823662
17.40035660568355
17.40037081779262
17.400384750202353
17.400398408438825
17.400411797919055
17.40042492395192
17.400437791740718
17.400450406383662
17.40046277288018
17.40047489612843
17.400486780929526
17.400498431990403
17.400509853922312
17.400521051246443
17.40053202839383
17.400542789708183
17.40055333944509
17.4005636817782
17.400573820796268
17.400583760508436
17.40059350484283
17.400603057651235
17.400612422708985
17.40062160371479
17.400630604296506
17.400639428007977
17.40064807833498
17.40065655869197
17.40066487242693
17.40067302282159
17.400681013092665
17.40068884639395
17.40069652581495
17.400704054385614
17.40071143507569
17.400718670795616
17.40072576439954
17.400732718684207
17.400739536391086
17.400746220207772
17.40075277276907
17.400759196657198
17.40076549440384
17.40077166849018
17.40077772134807
17.400783655363355
17.400789472872788
17.400795176166973
17.400800767492512
17.400806249051616
17.40081162300159
17.40081689145922
17.400822056497955
17.400827120150954
17.40083208441082
17.40083695123223
17.4008417225296
17.400846400180946
17.400850986026338
17.400855481870384
17.400859889481072
17.40086421059263
17.400868446905218
17.400872600084362
17.400876671763548
17.400880663543585
17.40088457699465
17.400888413655892
17.40089217503538
17.400895862610817
17.400899477833317
17.40090302212372
17.400906496874516
17.40090990345275
17.40091324319558
17.40091651741592
17.4009197274016
17.400922874412842
17.400925959686845
17.400928984435588
17.400931949847315
17.400934857087048
17.40093770729729
17.400940501597418
17.400943241085034
17.40094592683622
17.400948559906087
17.400951141328402
17.400953672116973
17.400956153265817
17.40095858574955
17.400960970523084
17.4009633085226
17.400965600666375
17.400967847854634
17.400970050969537
17.400972210875388
17.400974328421043
17.400976404437273
17.400978439739184
17.400980435126105
17.40098239138077
17.400984309270648
17.40098618954957
17.400988032954743
17.40098984021005
17.400991612024796
17.400993349094037
17.400995052099653
17.400996721710186
17.400998358580175
17.40099996335233
17.401001536656754
17.401003079110392
17.401004591318202
17.40100607387405
17.40100752735895
17.401008952343847
17.401010349387402
17.40101171903851
17.401013061833044
17.401014378298584
17.401015668952102
17.40101693429924
17.401018174836256
17.401019391050266
17.401020583417978
17.401021752407505
17.401022898476818
17.401024022075482
17.40102512364482
17.401026203616816
17.401027262414086
17.401028300452964
17.40102931814018
17.40103031587511
17.401031294048416
17.40103225304437
17.401033193238643
17.401034115000243
17.401035018690365
17.401035904663413
17.401036773266927
17.40103762484167
17.401038459721434
17.401039278233736
17.4010400806994
17.401040867432698
17.401041638743283
17.401042394932187
17.40104313629652
17.401043863127267
17.40104457570874
17.40104527432152
17.40104595923833
17.401046630727983
17.401047289054166
17.401047934474164
17.401048567242206
17.401049187605224
17.401049795807044
17.401050392086024
17.40105097667605
17.401051549806315
17.401052111701468
17.401052662581467
17.401053202662347
17.401053732155862
17.40105425126983
17.40105476020777
17.401055259169052
17.401055748349545
17.401056227940618
17.401056698129626
17.401057159102706
17.40105761103925
17.401058054116678
17.40105848850841
17.401058914385
17.401059331913768
17.401059741257725
17.401060142577467
17.40106053603042
17.40106092177107
17.40106129995011
17.40106167071628
17.401062034214515
17.401062390587708
17.40106273997487
17.401063082513627
17.401063418338076
17.40106374757894
17.40106407036647
17.401064386827002
17.401064697084493
17.40106500126052
17.40106529947351
17.401065591841554
17.401065878478168
17.401066159496633
17.401066435006822
17.40106670511619
17.401066969931126
17.40106722955556
17.401067484090564
17.401067733636197
17.401067978290882
17.401068218149742
17.401068453307566
17.401068683855215
17.401068909884074
17.401069131482608
17.401069348737405
17.401069561733596
17.40106977055559
17.401069975283665
17.401070175998946
17.40107037278024
17.401070565704266
17.401070754846643
17.40107094028163
17.40107112208255
17.401071300318947
17.40107147506184
17.40107164638013
17.4010718143404
17.40107197900812
17.401072140448576
17.40107229872439
17.401072453898248
17.401072606029928
17.40107275518032
17.401072901406852
17.401073044767376
17.401073185317635
17.401073323113252
17.4010734582085
17.40107359065474
17.4010737205053
17.40107384781097
17.401073972620583
17.401074094984725
17.40107421495059
17.401074332564264
17.401074447873004
17.401074560921504
17.401074671754184
17.40107478041471
17.401074886945445
17.401074991387972
17.401075093783508
17.401075194171614
17.401075292592342
17.401075389083694
17.401075483684156
17.401075576430134
17.40107566735851
17.4010757565049
17.401075843903456
17.401075929588696
17.40107601359498
17.40107609595418
17.401076176699753
17.40107625586229
17.4010763334732
17.401076409563025
17.40107648416172
17.401076557297863
17.40107662900076
17.40107669929774
17.40107676821726
17.401076835786174
17.401076902030333
17.40107696697622
17.401077030649137
17.40107709307404
17.401077154275395
17.401077214277173
17.401077273102906
17.401077330775898
17.401077387317965
17.40107744275177
17.401077497099315
17.4010775503819
17.401077602619615
17.40107765383396
17.401077704043978
17.40107775327026
17.401077801531304
17.401077848846672
17.401077895234888
17.40107794071365
17.401077985301136
17.401078029014304
17.401078071871208
17.40107811388784
17.401078155080693
17.40107819546628
17.401078235060673
17.401078273878365
17.40107831193587
17.401078349247182
17.401078385827184
17.40107842168996
17.401078456850318
17.401078491321016
17.401078525116606
17.401078558249402
17.40107859073278
17.4010786225795
17.40107865380199
17.40107868441278
17.401078714423598
17.401078743846075
17.40107877269199
17.40107880097226
17.401078828698765
17.401078855881426
17.401078882531436
17.401078908658587
17.40107893427403
17.401078959387135
17.401078984008414
17.40107900814685
17.40107903181256
17.40107905501403
17.401079077760752
17.401079100061743
17.40107912192579
17.401079143361027
17.401079164376398
17.40107918497947
17.40107920517923
17.401079224982695
17.401079244398396
17.401079263433022
17.401079282094578
17.40107930039087
17.401079318328172
17.40107933591429
17.401079353155463
17.401079370058575
17.40107938663038
17.401079402877627
17.40107941880606
17.40107943442279
17.401079449733317
17.401079464743233
17.401079479459472
17.401079493887273
17.401079508032417
17.40107952189954
17.401079535495377
17.401079548824992
17.401079561892832
17.40107957470492
17.401079587265777
17.40107959958095
17.40107961165398
17.401079623490897
17.40107963509553
17.401079646472866
17.401079657626564
17.401079668562392
17.401079679283253
17.40107968979423
17.401079700099714
17.40107971020268
17.401079720107774
17.401079729818335
17.401079739339202
17.401079748673077
17.401079757824135
17.40107976679596
17.40107977559196
17.401079784215142
17.401079792669453
17.401079800958428
17.401079809084834
17.401079817051695
17.40107982486266
17.40107983252027
17.401079840027805
17.4010798473883
17.401079854604674
17.401079861679342
17.401079868615607
17.401079875415782
17.401079882082556
17.401079888618785
17.40107989502704
17.40107990130943
17.401079907468937
17.401079913507466
17.401079919428017
17.401079925232015
17.40107993092252
17.401079936501997
17.401079941971364
17.401079947333773
17.401079952591076
17.401079957745075
17.401079962798455
17.40107996775252
17.401079972609615
17.401079977371502
17.40107998204021
17.40107998661687
17.401079991104606
17.40107999550414
17.401079999817423
17.40108000404567
17.401080008191684
17.401080012255903
17.401080016240734
17.401080020147322
17.401080023977737
17.401080027732686
17.40108003141417
17.40108003502349
17.40108003856207
17.401080042031175
17.401080045432924
17.401080048767234
17.40108005203655
17.401080055241437
17.40108005838375
17.40108006146446
17.401080064484933
17.401080067445683
17.401080070349426
17.401080073195125
17.401080075985785
17.40108007872151
17.401080081403613
17.401080084033143
17.40108008661102
17.401080089138475
17.401080091616535
17.401080094045632
17.401080096427496
17.401080098762833
17.401080101051996
17.40108010329629
17.40108010549672
17.40108010765389
17.401080109769058
17.40108011184287
17.40108011387567
17.40108011586875
17.401080117822637
17.40108011973848
17.401080121616396
17.401080123458012
17.40108012526315
17.40108012703317
17.40108012876835
17.40108013046941
17.401080132137515
17.401080133772528
17.401080135375366
17.401080136947183
17.401080138487938
17.401080139998605
17.401080141479408
17.401080142932084
17.401080144355404
17.401080145751354
17.401080147119533
17.401080148461045
17.401080149776256
17.401080151065802
17.401080152329964
17.40108015356908
17.401080154784026
17.401080155975563
17.401080157143475
17.401080158288515
17.40108015941097
17.401080160511697
17.40108016159057
17.40108016264856
17.401080163685446
17.401080164702496
17.40108016569925
17.401080166676575
17.401080167634895
17.40108016857391
17.401080169495017
17.401080170398213
17.401080171283454
17.40108017215082
17.401080173002082
17.40108017383616
17.40108017465414
17.401080175455828
17.401080176241795
17.401080177012876
17.401080177768343
17.40108017850925
17.401080179235258
17.401080179947428
17.401080180645614
17.401080181330137
17.401080182000587
17.40108018265881
17.401080183303606
17.401080183936024
17.4010801845558
17.401080185163792
17.401080185759632
17.401080186343275
17.401080186916367
17.40108018747798
17.401080188028192
17.401080188568013
17.401080189096476
17.40108018961599
17.401080190124425
17.401080190623038
17.401080191111745
17.401080191590992
17.401080192061105
17.40108019252175
17.40108019297311
17.401080193415883
17.401080193850095
17.401080194275814
17.401080194692923
17.401080195101596
17.401080195502892
17.40108019589609
17.401080196281562
17.401080196659475
17.401080197030254
17.401080197393775
17.401080197749376
17.401080198098406
17.40108019844098
17.401080198776835
17.401080199105458
17.401080199427913
17.401080199744293
17.401080200054206
17.401080200358184
17.40108020065633
17.401080200948634
17.40108020123483
17.401080201516184
17.401080201791252
17.401080202060925
17.401080202325687
17.40108020258502
17.401080202839523
17.40108020308891
17.401080203333542
17.401080203573112
17.40108020380813
17.40108020403866
17.40108020426441
17.40108020448587
17.40108020470298
17.401080204915978
17.401080205124526
17.401080205329137
17.40108020552998
17.40108020572664
17.401080205919186
17.40108020610821
17.40108020629366
17.40108020647496
17.40108020665347
17.40108020682772
17.401080206999058
17.401080207167052
17.40108020733161
17.40108020749295
17.40108020765087
17.40108020780621
17.401080207958245
17.40108020810757
17.401080208253312
17.40108020839685
17.401080208537437
17.40108020867503
17.40108020880978
17.401080208942403
17.401080209071917
17.401080209199403
17.40108020932415
17.401080209446423
17.4010802095662
17.401080209683606
17.401080209798966
17.401080209912074
17.40108021002272
17.401080210131177
17.401080210237648
17.401080210342297
17.401080210444626
17.401080210544823
17.401080210643176
17.401080210739487
17.401080210834035
17.401080210926985
17.401080211017728
17.40108021110695
17.401080211194163
17.401080211279798
17.401080211363897
17.4010802114462
17.401080211526892
17.40108021160588
17.401080211683578
17.401080211759627
17.401080211834046
17.401080211907274
17.4010802119788
17.401080212049198
17.40108021211793
17.4010802121856
17.401080212251667
17.401080212316447
17.40108021238035
17.401080212442473
17.401080212504024
17.40108021256373
17.401080212622393
17.40108021268016
17.401080212736666
17.401080212792195
17.40108021284639
17.401080212899508
17.401080212951975
17.40108021300329
17.40108021305335
17.40108021310267
17.401080213150387
17.401080213198064
17.4010802132443
17.401080213289614
17.40108021333444
17.40108021337786
17.401080213420695
17.40108021346269
17.40108021350399
17.401080213544738
17.401080213583914
17.401080213622713
17.401080213660627
17.40108021369778
17.40108021373446
17.401080213770182
17.401080213805713
17.401080213840036
17.401080213873815
17.401080213907054
17.401080213939522
17.401080213971216
17.401080214002288
17.401080214033147
17.401080214062876
17.401080214092413
17.40108021412124
17.40108021414963
17.401080214177345
17.401080214204377
17.401080214231015
17.401080214256993
17.401080214282597
17.40108021430797
17.40108021433243
17.401080214356565
17.401080214380467
17.4010802144034
17.401080214426266
17.401080214448555
17.401080214470277
17.4010802144913
17.401080214512827
17.401080214533422
17.40108021455361
17.40108021457327
17.401080214592803
17.401080214611966
17.401080214630344
17.4010802146485
17.40108021466656
17.40108021468427
17.401080214701363
17.401080214718004
17.40108021473483
17.40108021475133
17.401080214767113
17.40108021478233
17.401080214797894
17.401080214813277
17.40108021482799
17.401080214841883
17.40108021485616
17.401080214870024
17.401080214883475
17.40108021489706
17.40108021490999
17.401080214922924
17.401080214935476
17.401080214947523
17.40108021495985
17.401080214971543
17.401080214983406
17.40108021499452
17.401080215005667
17.401080215016858
17.401080215027307
17.401080215037677
17.401080215048115
17.40108021505795
17.401080215067978
17.401080215077954
17.40108021508745
17.401080215096535
17.4010802151058
17.401080215114774
17.40108021512344
17.401080215132435
17.40108021514076
17.401080215148916
17.4010802151573
17.401080215164992
17.401080215172563
17.40108021518033
17.401080215187964
17.401080215195446
17.40108021520267
17.401080215209596
17.401080215216663
17.401080215223327
17.40108021523
17.401080215236266
17.401080215242935
17.401080215249074
17.401080215255632
17.40108021526153
17.401080215267307
17.40108021527299
17.4010802152788
17.401080215284523
17.40108021528999
17.4010802152952
17.40108021530033
17.401080215305615
17.4010802153108
17.40108021531548
17.4010802153206
17.401080215325095
17.401080215330165
17.40108021533434
17.401080215339082
17.40108021534334
17.40108021534765
17.401080215351755
17.401080215356167
17.401080215359965
17.401080215364342
17.401080215367728
17.40108021537194
17.40108021537557
17.40108021537937
17.401080215383104
17.401080215386127
17.40108021538985
17.40108021539338
17.401080215396583
17.401080215400242
17.401080215402793
17.40108021540619
17.40108021540915
17.401080215412293
17.401080215415252
17.40108021541815
17.40108021542087
17.401080215423782
17.401080215426514
17.4010802154292
17.4010802154317
17.401080215434543
17.401080215437062
17.401080215439407
17.401080215441834
17.40108021544408
17.401080215446292
17.4010802154487
17.401080215450946
17.40108021545315
17.401080215455305
17.401080215457416
17.40108021545963
17.40108021546191
17.401080215463523
17.401080215465473
17.401080215467783
17.40108021546952
17.4010802154711
17.401080215473293
17.40108021547495
17.4010802154768
17.401080215477986
17.40108021547977
17.40108021548154
17.40108021548288
17.40108021548485
17.401080215486385
17.40108021548763
17.40108021548938
17.40108021549057
17.401080215492257
17.401080215493376
17.401080215495142
17.40108021549621
17.40108021549753
17.40108021549882
17.401080215500084
17.401080215501064
17.401080215502667
17.401080215503864
17.40108021550477
17.4010802155063
17.401080215507033
17.401080215508394
17.401080215509207
17.40108021551027
17.401080215511445
17.401080215512447
17.40108021551345
17.401080215514813
17.401080215515382
17.40108021551658
17.40108021551724
17.40108021551827
17.40108021551928
17.40108021551989
17.401080215520754
17.40108021552159
17.401080215522388
17.40108021552306
17.401080215524118
17.401080215524892
17.401080215525646
17.40108021552638
17.401080215527358
17.40108021552808
17.401080215528516
17.401080215529202
17.401080215529607
17.4010802155304
17.40108021553091
17.401080215531415
17.401080215531906
17.401080215533035
17.40108021553364
17.401080215533945
17.401080215534527
17.40108021553496
17.40108021553563
17.4010802155363
17.401080215536574
17.40108021553722
17.401080215538
17.40108021553849
17.401080215538983
17.40108021553959
17.401080215539793
17.40108021554013
17.401080215540844
17.401080215541278
17.40108021554197
17.401080215542397
17.40108021554269
17.40108021554297
17.401080215543494
17.401080215543494
17.401080215543878
17.401080215544525
17.401080215544628
17.40108021554526
17.40108021554549
17.40108021554583
17.401080215546553
17.40108021554665
17.40108021554683
17.401080215547417
17.40108021554773
17.40108021554804
17.40108021554808
17.401080215548642
17.401080215548934
17.401080215548834
17.40108021554951
17.401080215549385
17.401080215549925
17.401080215550042
17.401080215550575
17.401080215550564
17.401080215550806
17.40108021555106
17.40108021555143
17.40108021555168
17.401080215551758
17.401080215551993
17.401080215552344
17.401080215552682
17.40108021555278
17.401080215552987
17.401080215552795
17.40108021555366
17.40108021555345
17.40108021555391
17.401080215554096
17.401080215554014
17.40108021555419
17.40108021555451
17.401080215554945
17.40108021555472
17.401080215554757
17.401080215555194
17.40108021555547
17.40108021555524
17.401080215555663
17.401080215555673
17.40108021555583
17.401080215556238
17.401080215556252
17.40108021555639
17.40108021555627
17.40108021555652
17.401080215556657
17.401080215556803
17.401080215556792
17.40108021555679
17.401080215557307
17.401080215557155
17.401080215557286
17.401080215557517
17.40108021555725
17.40108021555762
17.401080215557467
17.40108021555783
17.40108021555794
17.401080215557787
17.401080215558405
17.401080215557986
17.401080215558594
17.40108021555818
17.401080215558522
17.40108021555848
17.40108021555896
17.401080215559052
17.401080215558867
17.40108021555895
17.40108021555904
17.401080215559244
17.40108021555919
17.401080215559016
17.401080215559347
17.40108021555942
17.401080215559503
17.401080215559446
17.401080215559386
17.40108021555971
17.401080215559908
17.401080215559713
17.401080215560036
17.401080215559972
17.401080215559904
17.401080215559837
17.401080215560025
17.401080215560082
17.401080215560402
17.40108021556033
17.40108021556026
17.40108021556018
17.401080215560363
17.401080215560807
17.401080215560853
17.40108021556065
17.401080215560697
17.401080215560484
17.401080215560786
17.401080215560835
17.401080215560757
17.40108021556092
17.40108021556071
17.40108021556076
17.401080215561052
17.401080215560842
17.40108021556101
17.401080215561045
17.40108021556148
17.40108021556124
17.401080215561418
17.401080215561326
17.40108021556136
17.40108021556126
17.401080215561695
17.40108021556134
17.401080215561244
17.401080215561528
17.401080215561436
17.401080215561336
17.401080215561617
17.401080215561517
17.401080215561684
17.401080215561713
17.40108021556174
17.401080215561894
17.401080215561926
17.401080215561816
17.401080215561844
17.401080215561738
17.401080215561905
17.40108021556166
17.401080215561947
17.401080215561834
17.401080215561986
17.401080215562015
17.40108021556204
17.401080215562335
17.401080215562214
17.401080215562374
17.401080215562256
17.401080215562406
17.401080215562434
17.401080215562185
17.40108021556272
17.401080215562747
17.40108021556224
17.401080215562782
17.40108021556254
17.401080215562295
17.401080215562573
17.401080215562327
17.401080215562338
17.401080215562363
17.40108021556238
17.401080215562395
17.401080215562413
17.401080215562548
17.4010802155627
17.40108021556244
17.40108021556273
17.401080215562473
17.401080215562757
17.401080215562768
17.401080215562644
17.401080215562654
17.401080215562928
17.40108021556282
17.40108021556256
17.40108021556257
17.401080215562978
17.401080215562473
17.401080215562608
17.401080215562622
17.401080215562764
17.401080215562637
17.401080215562644
17.40108021556266
17.401080215562672
17.401080215562676
17.401080215562825
17.401080215563095
17.401080215562825
17.401080215562715
17.40108021556298
17.40108021556326
17.40108021556275
17.401080215562757
17.401080215562885
17.401080215562764
17.401080215562523
17.401080215562907
17.401080215563056
17.401080215563194
17.401080215562793
17.401080215562942
17.401080215563344
17.40108021556321
17.40108021556309
17.401080215562956
17.401080215563105
17.401080215563113
17.401080215562853
17.401080215562857
17.401080215562992
17.401080215563137
17.401080215563137
17.401080215563006
17.40108021556315
17.401080215563013
17.401080215563166
17.40108021556342
17.401080215562907
17.40108021556291
17.40108021556305
17.401080215563184
17.40108021556319
17.401080215563056
17.401080215562942
17.40108021556294
17.401080215562935
17.401080215563073
17.401080215563475
17.40108021556348
17.401080215563223
17.401080215563223
17.401080215562963
17.40108021556297
17.401080215562974
17.401080215563244
17.401080215563248
17.40108021556298
17.401080215563255
17.40108021556298
17.401080215563
17.40108021556326
17.40108021556287
17.40108021556327
17.401080215563006
17.40108021556341
17.401080215563006
17.401080215563017
17.401080215563024
17.401080215563017
17.401080215563027
17.401080215563283
17.40108021556303
17.401080215563034
17.401080215563162
17.40108021556304
17.40108021556304
17.40108021556305
17.40108021556279
17.401080215563045
17.401080215563056
17.40108021556306
17.401080215563177
17.40108021556306
17.401080215563063
17.40108021556306
17.40108021556306
17.401080215563066
17.401080215563066
17.40108021556306
17.401080215563326
17.401080215563198
17.40108021556307
17.401080215563073
17.401080215563077
17.401080215563344
17.401080215563073
17.401080215563073
17.401080215563336
17.401080215563347
17.401080215563077
17.401080215562832
17.401080215563088
17.40108021556335
17.40108021556335
17.40108021556308
17.40108021556309
17.401080215563088
17.4010802155631
17.40108021556322
17.401080215563226
17.40108021556349
17.401080215563102
17.401080215563496
17.401080215563237
17.4010802155631
17.401080215563095
17.401080215563237
17.401080215563105
17.4010802155631
17.401080215563102
17.401080215563105
17.40108021556311
17.401080215563375
17.40108021556311
17.401080215563113
17.401080215563113
17.401080215563116
17.401080215563116
17.401080215563116
17.401080215563116
17.40108021556311
17.40108021556311
17.401080215563123
17.401080215563116
17.401080215563116
17.40108021556312
17.401080215563123
17.401080215563116
17.40108021556325
17.401080215563507
17.401080215563507
17.401080215563248
17.401080215563386
17.401080215563255
17.401080215563514
17.40108021556326
17.40108021556326
17.401080215563255
17.401080215563518
17.40108021556339
17.4010802155634
17.401080215563656
17.401080215563397
17.401080215563393
17.40108021556365
17.401080215563127
17.401080215563134
17.401080215563134
17.40108021556313
17.4010802155634
17.401080215563006
17.4010802155634
17.40108021556289
17.401080215563262
17.401080215563137
17.40108021556313
17.401080215563134
17.401080215563265
17.40108021556313
17.401080215563404
17.40108021556314
17.401080215563404
17.401080215563137
17.4010802155634
17.401080215563145
17.401080215563137
17.401080215563137
17.40108021556327
17.401080215563404
17.40108021556315
17.401080215563148
17.401080215563404
17.401080215563145
17.401080215563148
17.40108021556327
17.40108021556302
17.401080215563404
17.401080215563276
17.401080215563013
17.401080215563148
17.401080215563145
17.40108021556315
17.401080215563145
17.401080215563404
17.40108021556315
17.40108021556327
17.401080215563407
17.40108021556315
17.40108021556315
17.401080215563145
17.401080215563407
17.40108021556341
17.40108021556315
17.401080215563145
17.401080215563145
17.401080215563276
17.40108021556315
17.40108021556302
17.401080215563148
17.401080215563148
17.401080215563272
17.40108021556315
17.40108021556315
17.40108021556315
17.401080215563415
17.401080215563415
17.401080215563155
17.401080215563407
17.401080215563145
17.40108021556341
17.401080215563272
17.401080215563272
17.40108021556328
17.40108021556315
17.401080215563276
17.40108021556327
17.40108021556327
17.40108021556341
17.401080215563276
17.401080215563272
17.401080215563276
17.401080215563276
17.401080215563287
17.40108021556354
17.401080215563407
17.40108021556328
17.401080215563276
17.40108021556327
17.401080215563283
17.40108021556328
17.40108021556328
17.40108021556354
17.401080215563542
17.401080215563415
17.401080215563276
17.40108021556328
17.401080215563276
17.401080215563148
17.401080215563415
17.401080215563276
17.401080215563276
17.401080215563276
17.401080215563546
17.401080215563546
17.40108021556328
17.40108021556328
17.40108021556328
17.401080215563542
17.401080215563024
17.401080215563415
17.40108021556328
17.401080215563276
17.401080215563542
17.401080215563542
17.401080215563542
17.40108021556354
17.401080215563542
17.40108021556328
17.40108021556328
17.40108021556328
17.40108021556328
17.40108021556328
17.401080215563155
17.40108021556328
17.401080215563532
17.401080215563272
17.401080215563272
17.401080215563276
17.40108021556328
17.401080215563272
17.40108021556328
17.40108021556328
17.40108021556354
17.40108021556354
17.40108021556354
17.40108021556354
17.40108021556354
17.401080215563425
17.401080215563283
17.401080215563276
17.40108021556328
17.401080215563283
17.401080215563276
17.40108021556328
17.401080215563027
17.401080215563283
17.401080215563415
17.401080215563283
17.401080215563283
17.401080215563283
17.401080215563283
17.40108021556355
17.40108021556328
17.401080215563535
17.401080215563535
17.401080215563276
17.401080215563546
17.401080215563425
17.40108021556328
17.40108021556328
17.40108021556328
17.401080215563276
17.40108021556328
17.40108021556328
17.40108021556328
17.40108021556328
17.40108021556328
17.40108021556328
17.40108021556328
17.40108021556328
17.40108021556328
17.40108021556328
17.40108021556328
17.40108021556328
17.40108021556328
17.40108021556328
17.40108021556328
17.40108021556328
17.40108021556328
17.40108021556328
17.40108021556328
17.40108021556328
17.40108021556328
17.40108021556328
17.40108021556328
17.40108021556328
17.40108021556328
17.40108021556328
17.40108021556328
17.40108021556328
17.40108021556328
17.40108021556328
17.40108021556328
17.40108021556328
17.40108021556328
17.40108021556328
17.40108021556328
17.40108021556328
17.40108021556328
17.40108021556328
17.40108021556328
17.40108021556328
17.40108021556328
17.40108021556328
17.40108021556328
17.40108021556328
17.40108021556328
17.40108021556328
17.40108021556328
17.40108021556328
17.40108021556328
17.40108021556328
17.40108021556328
17.40108021556328
17.40108021556328
17.40108021556328
17.40108021556328
17.40108021556328
17.40108021556328
17.40108021556328
17.40108021556328
17.40108021556328
17.40108021556328
17.40108021556328
17.40108021556328
17.40108021556328
17.40108021556328
17.40108021556328
17.40108021556328
17.40108021556328
17.40108021556328
17.40108021556328
17.40108021556328
17.40108021556328
17.40108021556328
17.40108021556328
17.40108021556328
17.40108021556328
17.40108021556328
17.40108021556328
17.40108021556328
17.40108021556328
17.40108021556328
17.40108021556328
17.40108021556328
17.40108021556328
17.40108021556328
17.40108021556328
17.40108021556328
17.40108021556328
17.40108021556328
17.40108021556328
17.40108021556328
17.40108021556328
17.40108021556328
17.40108021556328
17.40108021556328
17.40108021556328
17.40108021556328
17.40108021556328
17.40108021556328
17.40108021556328
17.40108021556328
17.40108021556328
17.40108021556328
17.40108021556328
17.40108021556328
17.40108021556328
17.40108021556328
17.40108021556328
17.40108021556328
17.40108021556328
17.40108021556328
17.40108021556328
17.40108021556328
17.40108021556328
17.40108021556328
17.40108021556328
17.40108021556328
17.40108021556328
17.40108021556328
17.40108021556328
17.40108021556328
17.40108021556328
17.40108021556328
17.40108021556328
17.40108021556328
17.40108021556328
17.40108021556328
17.40108021556328
17.40108021556328
17.40108021556328
17.40108021556328
