17.900898414487724
17.745312915307316
17.643876109895974
17.564699492833544
17.49907722953766
17.443026147813995
17.394295220679354
17.351443961125725
17.3134703513691
17.28170872153385
17.251225427777783
17.22380670590768
17.199154432783942
17.17695275985132
17.156930656177988
17.13885461974957
17.122521502347425
17.10775313271315
17.09505900626699
17.10718327567883
17.11853179215045
17.129197983334016
17.13924354039039
17.148721987377986
17.158153191812218
17.166198425342095
17.174646227861516
17.182309963889633
17.189563497013527
17.19646427368215
17.203039465227526
17.20931149441839
17.215300532863722
17.221024931354883
17.2265014389496
17.23174537927912
17.236770802689108
17.241590618909058
17.246216713211286
17.250660048436515
17.25493075488226
17.25903820971346
17.262991107316736
17.266797521789293
17.270464962581347
17.274000424162743
17.277410430455717
17.280701074669416
17.28387805509901
17.286946707350523
17.289912033411927
17.292778727932344
17.29555120201081
17.29823360477519
17.300829842993597
17.30334359891573
17.305778346537124
17.308137366451017
17.310423759420015
17.31264045880851
17.314790241977377
17.31713905328421
17.318931929578593
17.321125840507325
17.322811071401162
17.324879050291607
17.326722541658498
17.328479998284624
17.330180963348436
17.331832823774192
17.333438408843953
17.33499956259189
17.33651787180107
17.337994816929243
17.33943180577199
17.340830183126062
17.342191235398868
17.343516194015127
17.344806238415252
17.346062498825578
17.347286058840577
17.348477957843755
17.349639193270804
17.350770722736986
17.351873466030217
17.352948306992037
17.35399609527008
17.355017647984244
17.35601375128044
17.356985161805806
17.357932608088404
17.358856791849938
17.359758389231647
17.360638051964795
17.36149640846644
17.362334064882194
17.363151606068143
17.36394959652383
17.364728581270818
17.365489086692673
17.36623162132247
17.36695667659751
17.367664727570254
17.36835623358559
17.36903163892357
17.369905908997037
17.370386231646506
17.37098228947158
17.37179269385848
17.372237460808748
17.372994144890903
17.373407179063896
17.374128062275155
17.37452141827772
17.375209736682432
17.375585382022447
17.376242907501
17.37681119815959
17.37711085881474
17.37771798701218
17.378245643513967
17.37873124691464
17.378982069641943
17.3795335408847
17.380014223977657
17.380457364185027
17.380878336017183
17.38128431170638
17.381678697888727
17.382063170885598
17.382438610283028
17.382805527204678
17.38316426082862
17.38351506860768
17.3838581677453
17.38419375430409
17.384522012057452
17.38484311663409
17.385157237493875
17.38546453891395
17.385765180515538
17.3860593175715
17.38634710122236
17.386628678633567
17.38690419313828
17.387173784356552
17.387437588315073
17.387695737556374
17.387948361237996
17.38819558524237
17.388437532266014
17.388674321918053
17.388906070807334
17.389132892632105
17.389354898259924
17.389572195814537
17.38978489074876
17.389993085924424
17.39019688168225
17.390396375915536
17.390591664135826
17.390782839541135
17.39096999307941
17.391153213508836
17.39133258746132
17.39150819949507
17.391680132156477
17.39184846603067
17.39201327979505
17.392174650269965
17.3923326524687
17.392487359646747
17.392638843343846
17.392787173432964
17.392932418161983
17.393074644196503
17.393213916660752
17.39335029917708
17.393483853904343
17.393614641575855
17.393742721535627
17.393868151773145
17.393990988957626
17.394111288471358
17.394229104441767
17.39434448977443
17.39445749617941
17.394568174205734
17.394676573266718
17.394782741668926
17.3948867266393
17.394988574351473
17.39508832995213
17.395186037583965
17.39528174041295
17.395375480648152
17.395467299567954
17.395557237541347
17.39564533404795
17.395731627702872
17.39581615627205
17.395898956697586
17.39598006511339
17.396059516865954
17.396137346533372
17.396213587941197
17.396288274181238
17.39636143762912
17.396433109959563
17.39650332216453
17.39657210456596
17.396639486834466
17.396705498002735
17.396770166479275
17.396833520063907
17.396895585962238
17.396956390796543
17.39701596062181
17.397074320937154
17.397131496699323
17.397187512331836
17.39724239174349
17.397296158331265
17.397348834998798
17.397400444164877
17.397451007773054
17.397500547304663
17.397549083786526
17.397596637803304
17.397643229505867
17.39768887862047
17.397733604461052
17.397777425933494
17.39782036154921
17.39786242943076
17.397903647321556
17.397944032594165
17.397983602258105
17.398022372967546
17.398060361030076
17.398097582412582
17.398134052750258
17.39816978735159
17.398204801209182
17.39823910900228
17.398272725105947
17.39830566359757
17.398337938261932
17.398369562600354
17.3984005498319
17.39843091290368
17.398460664496415
17.398489817026363
17.398518382655727
17.398546373295634
17.398573800610137
17.398600676024735
17.398627010728
17.3986528156809
17.398678101616657
17.398702879049118
17.39872715827509
17.398750949381316
17.398774262247592
17.398797106549683
17.398819491766545
17.398841427182028
17.398862921891098
17.39888398480107
17.398904624637687
17.398924849949367
17.398944669108577
17.398964090316372
17.398983121608065
17.39900177085383
17.39902004576345
17.399037953889902
17.39905550263158
17.399072699237045
17.39908955080638
17.39910606429536
17.399122246518775
17.399138104152485
17.39915364373574
17.399168871676707
17.399183794251247
17.39919841760912
17.39921274777557
17.399226790651554
17.399240552020995
17.399254037547664
17.399267252783563
17.399280203164555
17.39929289401965
17.399305330567863
17.399317517923517
17.39932946109714
17.39934116499702
17.3993526344329
17.399363874117487
17.399374888667378
17.399385682606844
17.399396260367414
17.399406626291423
17.39941678463489
17.399426739565005
17.39943649516827
17.399446055445992
17.399455424319182
17.399464605631163
17.399473603145356
17.399482420551564
17.399491061464182
17.39949952942363
17.399507827901157
17.39951596029622
17.399523929940568
17.399531740098762
17.399539393969892
17.399546894687273
17.399554245322072
17.399561448884462
17.399568508322723
17.399575426525846
17.399582206325757
17.39958885049577
17.399595361754553
17.39960174276657
17.399607996140787
17.399614124435463
17.399620130156954
17.399626015760536
17.39963178365319
17.399637436192833
17.39964297568978
17.399648404408914
17.399653724568477
17.39965893834238
17.399664047862316
17.399669055214932
17.399673962445917
17.39967877156059
17.399683484523305
17.399688103258956
17.399692629654297
17.399697065556918
17.39970141277879
17.39970567309546
17.399709848245635
17.399713939934223
17.399717949831334
17.39972187957383
17.399725730766196
17.399729504979938
17.399733203755094
17.399736828600975
17.399740380998193
17.399743862394573
17.39974727421134
17.399750617840507
17.399753894646096
17.39975710596466
17.399760253106116
17.39976333735468
17.399766359967977
17.39976932217834
17.39977222519481
17.399775070200196
17.399777858355403
17.399780590796748
17.399783268639524
17.399785892974393
17.39978846487198
17.399790985380402
17.399793455527373
17.399795876319565
17.39979824874419
17.399800573767887
17.399802852339526
17.399805085386237
17.399807273819217
17.39980941852996
17.399811520391747
17.399813580262936
17.399815598981267
17.399817577370126
17.399819516235794
17.399821416368187
17.399823278540843
17.399825103513113
17.399826892028692
17.39982864481611
17.39983036258905
17.399832046047585
17.399833695877646
17.399835312750877
17.39983689732647
17.399838450249497
17.399839972152886
17.399841463656006
17.399842925366627
17.399844357880234
17.399845761780362
17.399847137638044
17.399848486014527
17.39984980745852
17.399851102507938
17.399852371690553
17.399853615523494
17.399854834512333
17.39985602915412
17.399857199935433
17.399858347332355
17.39985947181261
17.399860573833934
17.399861653845296
17.39986271228576
17.399863749587215
17.399864766170925
17.39986576245197
17.399866738834515
17.39986769571725
17.399868633489735
17.399869552532568
17.399870453221343
17.399871335921663
17.399872200993524
17.399873048788717
17.39987387965231
17.399874693923213
17.39987549193183
17.399876274003798
17.39987704045691
17.39987779160369
17.399878527749635
17.39987924919423
17.39987995623126
17.399880649148656
17.39988132822817
17.399881993746085
17.39988264597406
17.399883285177143
17.39988391161487
17.39988452554306
17.399885127210986
17.39988571686361
17.399886294741606
17.39988686107906
17.399887416107415
17.399887960052013
17.399888493134366
17.399889015571407
17.39988952757547
17.39989002935574
17.399890521115477
17.39989100305574
17.399891475371184
17.399891938255603
17.39989239189672
17.399892836478852
17.399893272183466
17.399893699187306
17.399894117664676
17.39989452778547
17.39989492971671
17.399895323621678
17.399895709661305
17.399896087992314
17.399896458768374
17.39989682214074
17.39989717825779
17.399897527262755
17.399897869298794
17.39989820450536
17.39989853301858
17.39989885497159
17.39989917049592
17.399899479720236
17.399899782769523
17.399900079767402
17.39990037083494
17.399900656090576
17.399900935650386
17.399901209627455
17.399901478134293
17.399901741279635
17.399901999170023
17.399902251911556
17.399902499606014
17.399902742354314
17.399902980255902
17.39990321340687
17.399903441902865
17.39990366583586
17.399903885297807
17.399904100377537
17.399904311162366
17.399904517738616
17.399904720190072
17.399904918599187
17.39990511304647
17.399905303610765
17.39990549037008
17.399905673401094
17.399905852776413
17.399906028570754
17.399906200854815
17.399906369698698
17.399906535171098
17.39990669734012
17.39990685627056
17.399907012027466
17.399907164674477
17.39990731427393
17.39990746088554
17.3999076045705
17.399907745386503
17.399907883390302
17.39990801863854
17.39990815118666
17.399908281087946
17.39990840839546
17.399908533161156
17.39990865543578
17.39990877526868
17.399908892708893
17.399909007804297
17.39990912060173
17.399909231146683
17.399909339484907
17.39990944565957
17.39990954971373
17.399909651691157
17.39990975163176
17.399909849577128
17.399909945566694
17.39991003963952
17.39991013183453
17.399910222188698
17.399910310738516
17.399910397519882
17.399910482568774
17.399910565919896
17.39991064760625
17.399910727662096
17.399910806118978
17.39991088300959
17.399910958364934
17.399911032215556
17.399911104591865
17.39991117552282
17.39991124503777
17.399911313164342
17.399911379931172
17.399911445364367
17.399911509491208
17.39991157233791
17.399911633929765
17.39991169429185
17.39991175344831
17.39991181142388
17.399911868241723
17.399911923925373
17.399911978497084
17.39991203197906
17.399912084393428
17.399912135761138
17.399912186103208
17.399912235439853
17.399912283791668
17.39991233117806
17.399912377618456
17.399912423131717
17.39991246773585
17.39991251144926
17.39991255429011
17.399912596275843
17.399912637422617
17.39991267774861
17.399912717268666
17.399912755999882
17.39991279395816
17.39991283115817
17.39991286761594
17.399912903344994
17.399912938361055
17.399912972678084
17.39991300630968
17.399913039270146
17.399913071572243
17.399913103229007
17.399913134254348
17.39991316465956
17.3999131944586
17.399913223662015
17.399913252282463
17.399913280331205
17.399913307820427
17.39991333476027
17.399913361163
17.39991338703792
17.399913412396202
17.39991343724791
17.399913461604058
17.39991348547364
17.399913508866252
17.399913531792567
17.399913554260475
17.39991357628004
17.399913597860206
17.399913619009123
17.39991363973602
17.39991366004869
17.39991367995605
17.399913699465916
17.399913718586387
17.399913737325083
17.39991375568937
17.399913773687114
17.39991379132552
17.399913808611757
17.3999138255527
17.399913842155655
17.39991385842686
17.399913874373443
17.39991389000151
17.39991390531739
17.399913920328125
17.39991393503838
17.399913949455055
17.399913963584
17.399913977430725
17.399913991000837
17.399914004300264
17.399914017334527
17.399914030107908
17.399914042626893
17.399914054895532
17.399914066919102
17.399914078702846
17.399914090251066
17.399914101568566
17.399914112660348
17.399914123531197
17.39991413418422
17.399914144625182
17.399914154857036
17.399914164884866
17.399914174712073
17.399914184343448
17.399914193782777
17.399914203033003
17.399914212098906
17.399914220984186
17.399914229691426
17.399914238225062
17.399914246588185
17.399914254784456
17.39991426281721
17.399914270689322
17.399914278404378
17.399914285965398
17.399914293375577
17.39991430063806
17.399914307754912
17.39991431473017
17.399914321565646
17.39991432826463
17.39991433483013
17.399914341264655
17.399914347570586
17.399914353750862
17.399914359807497
17.39991436574294
17.399914371560122
17.399914377261158
17.399914382848507
17.399914388324028
17.399914393690235
17.399914398949413
17.399914404103708
17.3999144091551
17.399914414105382
17.399914418957078
17.39991442371165
17.39991442837154
17.399914432938267
17.399914437413557
17.399914441799876
17.399914446098617
17.39991445031113
17.399914454439802
17.3999144584863
17.399914462451626
17.399914466337876
17.39991447014655
17.399914473879445
17.399914477537422
17.399914481122355
17.399914484635836
17.3999144880793
17.399914491454016
17.399914494761088
17.399914498002254
17.399914501178316
17.399914504291747
17.39991450734263
17.399914510332597
17.399914513262594
17.399914516134622
17.399914518949043
17.399914521707007
17.39991452441015
17.3999145270596
17.399914529655888
17.39991453220021
17.399914534693977
17.399914537137835
17.399914539533036
17.39991454188028
17.399914544180383
17.399914546434836
17.399914548644265
17.399914550809598
17.39991455293154
17.399914555011524
17.39991455704946
17.399914559047343
17.399914561004433
17.399914562923346
17.399914564803442
17.399914566645734
17.39991456845228
17.399914570221974
17.39991457195635
17.399914573655956
17.399914575322256
17.399914576954778
17.399914578554974
17.39991458012309
17.39991458165964
17.399914583165632
17.39991458464206
17.399914586088396
17.399914587506213
17.39991458889534
17.39991459025737
17.399914591591838
17.399914592899396
17.399914594181098
17.399914595437206
17.39991459666826
17.3999145978747
17.3999145990572
17.399914600216082
17.399914601351718
17.399914602464666
17.399914603555523
17.39991460462447
17.39991460567143
17.399914606698243
17.399914607704556
17.399914608691056
17.399914609657333
17.399914610604053
17.39991461153279
17.39991461244233
17.399914613333447
17.399914614207425
17.399914615063807
17.399914615902844
17.39991461672513
17.399914617531383
17.39991461832116
17.399914619095156
17.399914619854083
17.39991462059748
17.399914621326282
17.399914622040168
17.399914622740166
17.399914623425932
17.39991462409839
17.399914624757038
17.399914625402666
17.399914626035283
17.399914626655374
17.399914627263353
17.399914627858813
17.3999146284429
17.399914629014688
17.399914629575306
17.39991463012487
17.399914630663186
17.39991463119077
17.399914631707812
17.399914632214774
17.399914632711376
17.39991463319831
17.399914633675266
17.399914634142835
17.399914634601316
17.399914635050386
17.399914635490372
17.3999146359217
17.39991463634453
17.399914636758805
17.399914637164546
17.39991463756256
17.399914637952513
17.39991463833455
17.39991463870933
17.399914639076524
17.39991463943599
17.399914639788665
17.399914640134302
17.399914640472645
17.39991464080462
17.39991464112958
17.39991464144856
17.39991464176093
17.399914642066914
17.399914642367065
17.39991464266095
17.399914642948854
17.39991464323152
17.399914643508264
17.399914643779496
17.399914644044934
17.399914644305834
17.399914644561267
17.399914644811233
17.399914645056565
17.399914645297024
17.39991464553241
17.39991464576324
17.399914645989583
17.399914646211027
17.39991464642854
17.399914646641477
17.39991464684989
17.399914647054413
17.399914647254832
17.39991464745139
17.39991464764376
17.399914647832816
17.39991464801732
17.399914648198656
17.399914648376356
17.399914648550283
17.399914648721097
17.399914648888007
17.399914649051947
17.399914649212494
17.39991464936959
17.399914649523918
17.39991464967517
17.399914649823153
17.399914649968302
17.399914650110684
17.3999146502497
17.399914650386332
17.399914650520625
17.399914650651848
17.39991465078046
17.399914650906236
17.39991465102988
17.399914651151075
17.399914651269448
17.39991465138572
17.3999146514998
17.399914651611468
17.399914651720923
17.399914651828315
17.399914651933166
17.399914652036315
17.39991465213714
17.399914652236344
17.399914652333056
17.399914652428222
17.39991465252148
17.39991465261289
17.399914652701963
17.39991465278975
17.399914652875804
17.399914652959875
17.3999146530424
17.399914653123385
17.399914653202526
17.399914653280206
17.39991465335633
17.399914653430937
17.399914653503927
17.399914653575834
17.39991465364606
17.399914653714497
17.399914653782076
17.399914653848178
17.39991465391296
17.39991465397658
17.3999146540388
17.399914654099906
17.39991465415993
17.39991465421825
17.39991465427564
17.399914654331894
17.39991465438688
17.399914654440394
17.399914654493863
17.39991465454576
17.399914654596223
17.39991465464646
17.399914654695433
17.399914654743313
17.399914654790088
17.399914654836063
17.39991465488113
17.399914654925286
17.3999146549687
17.399914655010978
17.39991465505269
17.39991465509316
17.399914655133347
17.399914655172342
17.399914655210818
17.3999146552484
17.399914655285233
17.399914655321055
17.399914655356692
17.399914655391363
17.39991465542507
17.399914655458513
17.399914655491273
17.399914655523382
17.399914655554326
17.399914655584926
17.39991465561503
17.399914655644654
17.3999146556737
17.399914655701785
17.399914655730072
17.399914655757286
17.399914655783434
17.39991465580997
17.399914655835452
17.399914655860567
17.39991465588529
17.39991465590941
17.39991465593278
17.39991465595594
17.39991465597891
17.399914656000885
17.399914656022943
17.399914656044313
17.399914656065118
17.399914656085514
17.39991465610575
17.399914656125596
17.39991465614478
17.399914656163972
17.399914656182126
17.39991465620057
17.399914656218264
17.39991465623572
17.39991465625284
17.39991465626948
17.399914656285922
17.39991465630242
17.39991465631795
17.399914656333422
17.399914656348578
17.399914656363183
17.399914656377746
17.399914656392024
17.39991465640627
17.399914656419977
17.399914656433683
17.399914656446583
17.399914656459615
17.39991465647201
17.399914656484658
17.39991465649629
17.399914656508585
17.39991465651999
17.39991465653155
17.399914656543142
17.39991465655399
17.39991465656449
17.39991465657531
17.399914656585388
17.39991465659538
17.399914656605443
17.39991465661517
17.399914656624585
17.399914656634312
17.399914656643595
17.399914656652193
17.39991465666124
17.399914656669605
17.39991465667818
17.399914656686335
17.3999146566947
17.399914656702403
17.399914656710326
17.399914656717964
17.399914656725187
17.39991465673265
17.399914656739842
17.399914656747026
17.39991465675393
17.39991465676082
17.39991465676733
17.399914656774087
17.399914656779945
17.39991465678631
17.399914656792564
17.399914656798686
17.399914656804427
17.399914656810193
17.399914656815845
17.39991465682149
17.39991465682692
17.399914656831967
17.399914656837172
17.399914656842277
17.399914656847283
17.39991465685232
17.399914656857117
17.3999146568617
17.399914656866446
17.399914656870834
17.399914656875392
17.39991465687973
17.3999146568836
17.399914656888296
17.399914656892246
17.399914656896513
17.39991465690018
17.39991465690415
17.399914656907793
17.39991465691136
17.39991465691499
17.399914656918533
17.39991465692189
17.399914656925553
17.39991465692889
17.399914656932555
17.399914656935376
17.39991465693839
17.39991465694174
17.399914656944627
17.399914656947587
17.399914656950482
17.399914656953587
17.39991465695637
17.39991465695911
17.39991465696139
17.399914656964025
17.399914656966722
17.3999146569695
17.399914656971845
17.39991465697413
17.39991465697663
17.399914656978947
17.399914656981093
17.399914656983583
17.399914656985644
17.399914656987654
17.399914656989502
17.39991465699209
17.399914656993715
17.399914656995687
17.399914656997616
17.39991465699966
17.399914657001514
17.399914657003215
17.399914657004867
17.39991465700688
17.399914657008598
17.39991465701028
17.399914657011674
17.399914657013543
17.399914657015266
17.399914657016687
17.39991465701861
17.399914657019835
17.399914657021423
17.399914657022727
17.39991465702425
17.399914657025498
17.39991465702685
17.399914657028162
17.39991465702933
17.399914657030603
17.39991465703185
17.399914657033058
17.399914657034127
17.39991465703569
17.399914657036703
17.399914657037826
17.399914657038664
17.399914657039616
17.399914657040682
17.399914657041716
17.39991465704299
17.39991465704373
17.399914657044967
17.39991465704619
17.39991465704661
17.399914657048043
17.39991465704894
17.399914657049308
17.399914657050697
17.39991465705102
17.399914657052236
17.399914657052925
17.399914657053987
17.3999146570545
17.399914657055387
17.39991465705602
17.399914657056748
17.399914657057348
17.399914657058183
17.399914657058737
17.399914657059426
17.39991465706036
17.399914657060755
17.399914657061384
17.399914657062006
17.399914657062883
17.39991465706348
17.399914657064205
17.399914657064784
17.39991465706495
17.399914657065505
17.399914657066052
17.39991465706659
17.39991465706711
17.399914657067754
17.399914657068116
17.399914657068887
17.39991465706924
17.39991465706997
17.39991465707017
17.399914657070877
17.39991465707106
17.399914657071765
17.399914657072188
17.399914657072603
17.39991465707276
17.399914657073428
17.399914657073953
17.399914657074078
17.39991465707458
17.399914657074692
17.399914657075183
17.399914657075417
17.399914657075627
17.399914657076234
17.39991465707656
17.399914657077158
17.399914657077215
17.399914657077264
17.399914657077716
17.399914657078142
17.399914657078178
17.399914657078476
17.399914657078753
17.399914657079037
17.399914657079567
17.39991465707958
17.3999146570801
17.39991465708048
17.399914657080355
17.399914657080856
17.3999146570811
17.399914657081606
17.399914657081837
17.399914657081673
17.399914657082284
17.399914657082512
17.399914657082206
17.399914657082803
17.39991465708262
17.399914657083084
17.39991465708328
17.399914657083347
17.39991465708341
17.399914657083976
17.399914657083777
17.39991465708421
17.399914657084132
17.399914657084313
17.399914657084732
17.399914657084636
17.399914657085063
17.399914657085223
17.39991465708537
17.39991465708527
17.399914657085425
17.399914657085812
17.399914657085837
17.399914657085976
17.399914657086246
17.399914657086505
17.39991465708664
17.399914657086637
17.399914657086768
17.39991465708676
17.399914657086757
17.399914657087265
17.399914657087255
17.39991465708737
17.399914657087354
17.39991465708746
17.39991465708783
17.399914657087933
17.39991465708778
17.399914657088146
17.399914657087983
17.399914657088335
17.399914657088047
17.39991465708853
17.39991465708811
17.399914657088335
17.39991465708854
17.3999146570885
17.399914657088708
17.39991465708867
17.399914657088882
17.399914657089216
17.399914657089035
17.399914657089376
17.399914657089052
17.39991465708952
17.399914657089457
17.399914657089276
17.399914657089475
17.399914657089674
17.399914657089607
17.39991465708967
17.399914657090005
17.39991465708954
17.399914657089866
17.399914657089923
17.39991465708998
17.399914657090175
17.39991465709036
17.399914657090417
17.399914657090473
17.399914657090125
17.399914657090314
17.399914657090363
17.399914657090548
17.399914657090726
17.399914657090516
17.399914657090825
17.399914657090733
17.399914657090658
17.39991465709082
17.399914657090733
17.39991465709104
17.399914657091088
17.399914657090868
17.399914657090907
17.399914657090946
17.399914657090985
17.399914657090893
17.399914657091323
17.399914657091095
17.39991465709113
17.399914657091298
17.399914657091465
17.39991465709098
17.399914657091276
17.399914657091177
17.39991465709133
17.399914657091358
17.399914657091657
17.39991465709169
17.399914657091717
17.39991465709175
17.399914657091774
17.399914657091536
17.39991465709183
17.399914657091855
17.399914657091873
17.399914657091514
17.399914657091664
17.399914657091557
17.399914657091845
17.39991465709161
17.399914657091635
17.399914657091912
17.399914657091685
17.399914657091443
17.399914657091983
17.399914657091742
17.399914657091763
17.399914657091788
17.39991465709193
17.39991465709183
17.399914657091845
17.399914657092246
17.39991465709175
17.39991465709215
17.39991465709217
17.39991465709219
17.3999146570922
17.399914657091962
17.399914657092236
17.399914657092257
17.399914657092005
17.399914657092154
17.399914657091777
17.399914657092314
17.399914657091937
17.399914657092076
17.399914657091838
17.39991465709211
17.39991465709212
17.399914657092
17.399914657092282
17.399914657092157
17.399914657092307
17.399914657092058
17.399914657091934
17.39991465709208
17.399914657092094
17.399914657092353
17.39991465709198
17.39991465709225
17.399914657092516
17.399914657092268
17.399914657092282
17.399914657092413
17.39991465709229
17.39991465709231
17.399914657092438
17.39991465709245
17.399914657092463
17.39991465709234
17.399914657092477
17.399914657092364
17.399914657092626
17.399914657092495
17.39991465709238
17.39991465709239
17.39991465709252
17.399914657092534
17.39991465709215
17.39991465709241
17.399914657092427
17.399914657092683
17.399914657092307
17.39991465709245
17.399914657092456
17.399914657092452
17.399914657092456
17.39991465709221
17.399914657092474
17.399914657092477
17.39991465709248
17.399914657092495
17.399914657092243
17.39991465709276
17.39991465709277
17.39991465709238
17.39991465709226
17.39991465709226
17.39991465709265
17.399914657092655
17.39991465709254
17.39991465709267
17.399914657092545
17.39991465709242
17.399914657092683
17.39991465709268
17.399914657092566
17.399914657092822
17.399914657092825
17.399914657092577
17.39991465709244
17.39991465709284
17.399914657092847
17.39991465709259
17.399914657092854
17.399914657092722
17.399914657092726
17.399914657092342
17.399914657092474
17.399914657092868
17.39991465709274
17.399914657092744
17.399914657092747
17.399914657092875
17.399914657092882
17.399914657092754
17.399914657092367
17.399914657092374
17.399914657092634
17.399914657092896
17.3999146570929
17.399914657092644
17.399914657092896
17.39991465709265
17.399914657092772
17.399914657092648
17.399914657092772
17.399914657092786
17.3999146570924
17.399914657092523
17.399914657092662
17.399914657092534
17.399914657092797
17.39991465709306
17.39991465709306
17.399914657092932
17.39991465709293
17.39991465709267
17.399914657092804
17.399914657092935
17.399914657092808
17.399914657092943
17.399914657092552
17.39991465709256
17.399914657092683
17.399914657092555
17.39991465709268
17.39991465709256
17.399914657092697
17.399914657092566
17.399914657092815
17.399914657092694
17.399914657092957
17.399914657092957
17.39991465709283
17.399914657092957
17.399914657092964
17.399914657092697
17.399914657092964
17.399914657092705
17.399914657092964
17.3999146570931
17.39991465709271
17.399914657092445
17.399914657092584
17.399914657092587
17.399914657092715
17.399914657092843
17.39991465709285
17.39991465709245
17.399914657092715
17.399914657092584
17.399914657092587
17.39991465709246
17.399914657092722
17.399914657092722
17.39991465709259
17.399914657092726
17.399914657092726
17.39991465709247
17.39991465709272
17.399914657092854
17.399914657093113
17.399914657092985
17.399914657092985
17.39991465709299
17.39991465709286
17.39991465709273
17.399914657092985
17.39991465709285
17.399914657092726
17.39991465709299
17.399914657092992
17.399914657092744
17.399914657092985
17.399914657092992
17.399914657092733
17.399914657092992
17.39991465709299
17.399914657092605
17.399914657092605
17.399914657092737
17.399914657092477
17.39991465709248
17.39991465709274
17.399914657092744
17.399914657092737
17.39991465709261
17.39991465709274
17.39991465709274
17.399914657092744
17.399914657092484
17.39991465709274
17.399914657092612
17.39991465709274
17.399914657092616
17.39991465709261
17.39991465709261
17.399914657092747
17.399914657092612
17.399914657092616
17.399914657092616
17.399914657092744
17.39991465709249
17.399914657092747
17.39991465709262
17.399914657092612
17.39991465709287
17.399914657092747
17.39991465709248
17.399914657092747
17.39991465709262
17.39991465709262
17.399914657092744
17.399914657092488
17.399914657092747
17.39991465709262
17.39991465709249
17.39991465709274
17.399914657092747
17.39991465709275
17.399914657092488
17.399914657092616
17.399914657092626
17.39991465709275
17.399914657092744
17.39991465709249
17.399914657092754
17.39991465709262
17.399914657092754
17.399914657092886
17.3999146570925
17.399914657092747
17.39991465709249
17.399914657092623
17.39991465709263
17.399914657092488
17.399914657092623
17.399914657092623
17.399914657092754
17.399914657092495
17.399914657092754
17.399914657092747
17.3999146570925
17.399914657092747
17.3999146570925
17.399914657092758
17.39991465709275
17.3999146570925
17.39991465709275
17.3999146570925
17.399914657092754
17.399914657092623
17.399914657092754
17.39991465709249
17.399914657092495
17.39991465709288
17.39991465709301
17.39991465709275
17.399914657093017
17.39991465709288
17.399914657092882
17.399914657092754
17.39991465709288
17.399914657092886
17.399914657092758
17.399914657092886
17.39991465709302
17.399914657093145
17.39991465709302
17.39991465709302
17.399914657092882
17.399914657093014
17.39991465709288
17.399914657092758
17.39991465709301
17.399914657093017
17.39991465709314
17.39991465709276
17.39991465709276
17.39991465709276
17.39991465709276
17.39991465709276
17.39991465709276
17.39991465709276
17.39991465709276
17.39991465709276
17.39991465709276
17.39991465709276
17.39991465709276
17.39991465709276
17.39991465709276
17.39991465709276
17.39991465709276
17.39991465709276
17.39991465709276
17.39991465709276
17.39991465709276
17.39991465709276
17.39991465709276
17.39991465709276
17.39991465709276
17.39991465709276
17.39991465709276
17.39991465709276
17.39991465709276
17.39991465709276
17.39991465709276
17.39991465709276
17.39991465709276
17.39991465709276
17.39991465709276
17.39991465709276
17.39991465709276
17.39991465709276
17.39991465709276
17.39991465709276
17.39991465709276
17.39991465709276
17.39991465709276
17.39991465709276
17.39991465709276
17.39991465709276
17.39991465709276
17.39991465709276
17.39991465709276
17.39991465709276
17.39991465709276
17.39991465709276
17.39991465709276
17.39991465709276
17.39991465709276
17.39991465709276
17.39991465709276
17.39991465709276
17.39991465709276
17.39991465709276
17.39991465709276
17.39991465709276
17.39991465709276
17.39991465709276
17.39991465709276
17.39991465709276
17.39991465709276
17.39991465709276
17.39991465709276
17.39991465709276
17.39991465709276
17.39991465709276
17.39991465709276
17.39991465709276
17.39991465709276
17.39991465709276
17.39991465709276
17.39991465709276
17.39991465709276
17.39991465709276
17.39991465709276
17.39991465709276
17.39991465709276
17.39991465709276
17.39991465709276
17.39991465709276
17.39991465709276
17.39991465709276
17.39991465709276
17.39991465709276
17.39991465709276
17.39991465709276
17.39991465709276
17.39991465709276
17.39991465709276
17.39991465709276
17.39991465709276
17.39991465709276
17.39991465709276
17.39991465709276
17.39991465709276
17.39991465709276
17.39991465709276
17.39991465709276
17.39991465709276
17.39991465709276
17.39991465709276
17.39991465709276
17.39991465709276
17.39991465709276
17.39991465709276
17.39991465709276
17.39991465709276
17.39991465709276
17.39991465709276
17.39991465709276
17.39991465709276
17.39991465709276
17.39991465709276
17.39991465709276
17.39991465709276
17.39991465709276
17.39991465709276
17.39991465709276
17.39991465709276
17.39991465709276
17.39991465709276
17.39991465709276
17.39991465709276
17.39991465709276
17.39991465709276
17.39991465709276
17.39991465709276
17.39991465709276
17.39991465709276
17.39991465709276
17.39991465709276
17.39991465709276
17.39991465709276
17.39991465709276
17.39991465709276
17.39991465709276
17.39991465709276
17.39991465709276
17.39991465709276
17.39991465709276
17.39991465709276
17.39991465709276
17.39991465709276
17.39991465709276
17.39991465709276
17.39991465709276
17.39991465709276
17.39991465709276
17.39991465709276
17.39991465709276
17.39991465709276
17.39991465709276
17.39991465709276
17.39991465709276
17.39991465709276
17.39991465709276
17.39991465709276
17.39991465709276
17.39991465709276
17.39991465709276
17.39991465709276
17.39991465709276
17.39991465709276
17.39991465709276
17.39991465709276
17.39991465709276
17.39991465709276
17.39991465709276
17.39991465709276
17.39991465709276
17.39991465709276
17.39991465709276
17.39991465709276
17.39991465709276
17.39991465709276
17.39991465709276
17.39991465709276
17.39991465709276
17.39991465709276
17.39991465709276
17.39991465709276
17.39991465709276
17.39991465709276
17.39991465709276
17.39991465709276
17.39991465709276
17.39991465709276
17.39991465709276
17.39991465709276
17.39991465709276
17.39991465709276
17.39991465709276
17.39991465709276
17.39991465709276
17.39991465709276
17.39991465709276
17.39991465709276
17.39991465709276
17.39991465709276
17.39991465709276
17.39991465709276
17.39991465709276
17.39991465709276
17.39991465709276
17.39991465709276
17.39991465709276
17.39991465709276
17.39991465709276
17.39991465709276
17.39991465709276
17.39991465709276
17.39991465709276
17.39991465709276
17.39991465709276
17.39991465709276
17.39991465709276
